-6.108281089843748829e-08 5.060009416118374795e-13 4.930987396206411465e-12
-6.032749269531250449e-08 4.452190781249960299e-13 5.800063305636596620e-12
-5.957217449218749422e-08 1.119837582766084556e-12 6.745307174526660079e-12
-5.881685628906249719e-08 1.334769864020265774e-12 6.363464076979357538e-12
-5.806153808593749354e-08 6.179675322454943278e-13 5.872320553783688182e-12
-5.730621988281248989e-08 3.913181803159093254e-13 5.650620098969460251e-12
-5.655090167968749286e-08 4.631934813351125215e-13 5.702651085398322645e-12
-5.579558347656249583e-08 2.090931347304672494e-13 5.370595732118904277e-12
-5.504026527343749218e-08 5.172395928524405678e-14 5.357255191310446047e-12
-5.428494707031249515e-08 2.478888037909795323e-13 5.438115313646612053e-12
-5.352962886718749150e-08 9.945398643337899907e-14 5.456184448402060758e-12
-5.277431066406249447e-08 2.346071499335064399e-13 5.502273036500992281e-12
-5.201899246093749744e-08 7.515117700094794248e-14 5.327702027127260508e-12
-5.126367425781249379e-08 2.305999318307477940e-13 5.423868025503085818e-12
-5.050835605468749675e-08 -2.456319238281293639e-13 4.930844886755159012e-12
-4.975303785156249310e-08 -1.488972869400327545e-13 5.298519205901835390e-12
-4.899771964843749607e-08 -1.264445199188976354e-13 5.184432727678295219e-12
-4.824240144531249242e-08 2.406919131540653022e-13 5.502567100671698921e-12
-4.748708324218749539e-08 -6.269706598257289994e-14 4.982353159804497353e-12
-4.673176503906249174e-08 8.646818403686316254e-14 5.448524079160706992e-12
-4.597644683593749471e-08 2.376916242732158079e-14 5.254132178181698116e-12
-4.522112863281249768e-08 1.118796663678238236e-13 5.306752746829437062e-12
-4.446581042968749403e-08 -3.274739383971718540e-14 5.245398630723487486e-12
-4.371049222656249700e-08 -1.945599732247690442e-13 5.047652497108029594e-12
-4.295517402343749335e-08 -8.501501464844131821e-14 5.074471116933586828e-12
-4.219985582031249632e-08 4.986928256201877354e-14 5.252567392939966839e-12
-4.144453761718749267e-08 -1.612022725253368884e-13 5.137805844830112612e-12
-4.068921941406249563e-08 -1.587454420720661977e-13 5.148826316918945321e-12
-3.993390121093749860e-08 -2.120954674226374826e-13 4.892216940462301975e-12
-3.917858300781249495e-08 -5.125453747637128369e-14 5.233057550098588901e-12
-3.842326480468749792e-08 -2.091989854166706826e-13 4.933134151638490481e-12
-3.766794660156249427e-08 -1.363777780911593063e-13 5.068955671569277870e-12
-3.691262839843749724e-08 1.044998400734877450e-14 5.215901437795914616e-12
-3.615731019531249359e-08 -1.471187300102734652e-13 5.168093949684065375e-12
-3.540199199218749656e-08 -4.891639323863676951e-13 4.965867253374273839e-12
-3.464667378906249291e-08 -2.213325933711600741e-13 5.030613479777041239e-12
-3.389135558593749588e-08 -4.962022221910983230e-14 5.142731376315660880e-12
-3.313603738281249885e-08 -2.611825430369544672e-13 5.053250848275463917e-12
-3.238071917968749520e-08 -4.110266921132777818e-13 4.740335626207860069e-12
-3.162540097656249816e-08 -2.315767276666949758e-13 5.071743867521827801e-12
-3.087008277343749451e-08 -1.070731316618261430e-13 5.155108474246907953e-12
-3.011476457031249748e-08 7.158938786764270601e-14 5.305822624638207441e-12
-2.935944636718749714e-08 6.632583951270774245e-14 5.259381491595968376e-12
-2.860412816406249680e-08 1.310693740611286069e-15 5.231021255550790628e-12
-2.784880996093749646e-08 5.640867896889341034e-14 5.274758035721424066e-12
-2.709349175781249612e-08 -3.130895922439796122e-13 5.143141301388823503e-12
-2.633817355468749578e-08 1.629816884039214487e-13 5.354474511443128622e-12
-2.558285535156249544e-08 2.919881112579837884e-13 5.482454742952608837e-12
-2.482753714843749841e-08 -1.900553115158261417e-13 5.007241798140236871e-12
-2.407221894531249807e-08 6.095224366102773896e-14 5.199082648395181574e-12
-2.331690074218749773e-08 6.462608667311843415e-14 5.233969175213602925e-12
-2.256158253906249739e-08 1.407322608001742249e-13 5.427175119252291405e-12
-2.180626433593749704e-08 3.282804540050134923e-13 5.609374478082837233e-12
-2.105094613281249670e-08 1.282273281627824462e-13 5.158390362027962600e-12
-2.029562792968749636e-08 3.352328489583291985e-13 5.634547826594573206e-12
-1.954030972656249933e-08 3.154445315768783696e-13 5.560287013093934482e-12
-1.878499152343749899e-08 5.451916356809658744e-13 5.829683633453341501e-12
-1.802967332031249865e-08 3.317957792968705161e-13 5.644877384340802746e-12
-1.727435511718749831e-08 5.894884618044985907e-13 5.859438061742119608e-12
-1.651903691406249797e-08 7.750797968935526444e-13 6.307105473690937390e-12
-1.576371871093749763e-08 9.143790869140579149e-13 6.305277000404905973e-12
-1.500840050781249729e-08 8.262592360747865043e-13 6.221619705131373054e-12
-1.425308230468749695e-08 1.019147219412874153e-12 6.315366113334598335e-12
-1.349776410156249661e-08 8.518101826923032828e-13 6.301643341051971008e-12
-1.274244589843749957e-08 1.063290964236949187e-12 6.263561899657200589e-12
-1.198712769531249923e-08 8.979553736150310618e-13 6.300822766179791093e-12
-1.123180949218749889e-08 1.129175746456370182e-12 6.368786249717996260e-12
-1.047649128906249855e-08 1.678640806413676410e-12 7.060393883322305122e-12
-9.721173085937498212e-09 1.624791960370833376e-12 7.024920791225855304e-12
-8.965854882812497872e-09 2.065281255797255918e-12 7.631532710670485953e-12
-8.210536679687497531e-09 2.230367688967433952e-12 7.753812237256731085e-12
-7.455218476562497190e-09 2.662204274064775937e-12 8.278759049339138038e-12
-6.699900273437496850e-09 2.849849513056501247e-12 8.526990701984066814e-12
-5.944582070312499818e-09 2.645173758172065704e-12 8.732429178592483477e-12
-5.189263867187499477e-09 2.733543679398142928e-12 8.873993822172019758e-12
-4.433945664062499137e-09 2.175751345465050010e-12 9.319948938629657175e-12
-3.678627460937498796e-09 2.264577329012043773e-12 1.037535731456273681e-11
-2.923309257812498455e-09 2.506235780863237952e-12 1.071358147494318598e-11
-2.167991054687501423e-09 1.440735460069440220e-12 1.003056710951919215e-11
-1.412672851562497774e-09 1.869388590970845374e-12 1.022203129634355570e-11
-6.573546484374941246e-10 3.462146389406532243e-12 1.148612410129678724e-11
9.796355468750290727e-11 9.164703012438319345e-12 1.739012889051602623e-11
8.532817578124999392e-10 1.640348221672885865e-11 2.477055906773886247e-11
1.608599960937496971e-09 2.271800532529398978e-11 3.266561704771576358e-11
2.363918164062500620e-09 2.907243802787780713e-11 4.096961465283088086e-11
3.119236367187504270e-09 3.754461313390675135e-11 5.146959089506911570e-11
3.874554570312501302e-09 4.651465784744971332e-11 6.265833504224438056e-11
4.629872773437498334e-09 5.709426439846851995e-11 7.544562301018417853e-11
5.385190976562495366e-09 6.686963825324292969e-11 8.743731151469605226e-11
6.140509179687499015e-09 7.750533352671005951e-11 9.956638595334045368e-11
6.895827382812502664e-09 8.975324670601258562e-11 1.144737775349783980e-10
7.651145585937499696e-09 1.022099313630151207e-10 1.285294475943906027e-10
8.406463789062496728e-09 1.150905520022815537e-10 1.422112415183321854e-10
9.161781992187500377e-09 1.279819578384089875e-10 1.561893162226322482e-10
9.917100195312504027e-09 1.395214124527554868e-10 1.685108266814146060e-10
1.067241839843750106e-08 1.547392513222594216e-10 1.845831580515827484e-10
1.142773660156249809e-08 1.688606866620597695e-10 1.992407330653558551e-10
1.218305480468749512e-08 1.816817165392736488e-10 2.128543702572115492e-10
1.293837300781249877e-08 1.954209305876414529e-10 2.268200621089100070e-10
1.369369121093750242e-08 2.099942487037565150e-10 2.428319921612059107e-10
1.444900941406249945e-08 2.266701818590296240e-10 2.585722141216618444e-10
1.520432761718749648e-08 2.414578500927448848e-10 2.748455599432511792e-10
1.595964582031250013e-08 2.547714582518253578e-10 2.878579610322253354e-10
1.671496402343750378e-08 2.708645894134054461e-10 3.049196162274212670e-10
1.747028222656250082e-08 2.886504418987022372e-10 3.233556012964755376e-10
1.822560042968749785e-08 3.041794541634236808e-10 3.395798973864208520e-10
1.898091863281249488e-08 3.184874598926923513e-10 3.557651588013597686e-10
1.973623683593749853e-08 3.342698524521528119e-10 3.708204732995984335e-10
2.049155503906250218e-08 3.546573836813359410e-10 3.921472800052733971e-10
2.124687324218749921e-08 3.713141233946857820e-10 4.107125996745534114e-10
2.200219144531249624e-08 3.873940737519312797e-10 4.260039229420970456e-10
2.275750964843749327e-08 4.051036079945702225e-10 4.451535994123702912e-10
2.351282785156249692e-08 4.245617128672998916e-10 4.662206375813893667e-10
2.426814605468750057e-08 4.439209641589822181e-10 4.821083367577212989e-10
2.502346425781249760e-08 4.622154791106863452e-10 5.011443956713703115e-10
2.577878246093749464e-08 4.817463543286679824e-10 5.232939216422449398e-10
2.653410066406249829e-08 5.012558230782832442e-10 5.426096021633258980e-10
2.728941886718750194e-08 5.213286210336963363e-10 5.612081769600705388e-10
2.804473707031249897e-08 5.399498192339519702e-10 5.797668908997542920e-10
2.880005527343749600e-08 5.535496162529561760e-10 5.923443548562125449e-10
2.955537347656249303e-08 5.642727370484311439e-10 5.990008222452829581e-10
3.031069167968749668e-08 5.725769696965302299e-10 6.048345093926582477e-10
3.106600988281250033e-08 5.750719193117231049e-10 6.068166342790170551e-10
3.182132808593749736e-08 5.808921081392321252e-10 6.122228903899852933e-10
3.257664628906249439e-08 5.878697633314541217e-10 6.190197298178757520e-10
3.333196449218749804e-08 5.942471220703125969e-10 6.277991053043926296e-10
3.408728269531250169e-08 5.894450447433036448e-10 6.112535290870055426e-10
3.484260089843749872e-08 5.922280434738373028e-10 6.124669908411201439e-10
