-6.956252635156249388e-08 -3.490315546875013298e-13 6.111280049097963799e-12
-6.887451105468750363e-08 -8.770891285232835808e-13 4.734648942865480404e-12
-6.818649575781250015e-08 -1.033716374999999282e-12 5.320914554747402383e-12
-6.749848046093749666e-08 -7.175251211751290514e-13 5.410013515382228344e-12
-6.681046516406249318e-08 -6.489647991194216453e-13 5.381978963219641338e-12
-6.612244986718748970e-08 3.317776911704019263e-13 6.116739457302831621e-12
-6.543443457031249945e-08 -1.090583701010556517e-13 5.550664777153799418e-12
-6.474641927343749597e-08 1.548964730625003756e-13 5.915663535656611325e-12
-6.405840397656249248e-08 2.448980629325715254e-13 6.076875785589543015e-12
-6.337038867968750224e-08 5.964976805893889526e-13 6.330538974673250751e-12
-6.268237338281249875e-08 3.041761971118887433e-13 5.785869149530438664e-12
-6.199435808593749527e-08 2.063656247777806416e-13 5.930131795834126307e-12
-6.130634278906249179e-08 1.421935713673632011e-13 5.992955823991168783e-12
-6.061832749218750154e-08 -1.310258482420580064e-13 5.654810655768802208e-12
-5.993031219531249806e-08 -7.331660463848398857e-14 5.775022131492472550e-12
-5.924229689843749458e-08 1.905632044704310051e-13 5.939313911210143808e-12
-5.855428160156249109e-08 -2.890027640177406741e-13 5.420256372108600768e-12
-5.786626630468750084e-08 8.398691532614027602e-14 5.711415824692133237e-12
-5.717825100781249736e-08 9.685211690045947624e-14 5.863936188612868897e-12
-5.649023571093749388e-08 9.048031748419034969e-14 5.800240770214708836e-12
-5.580222041406249040e-08 5.231948094651643677e-13 6.295365724277664145e-12
-5.511420511718750015e-08 -1.630567556021831175e-13 5.750790320635325115e-12
-5.442618982031249667e-08 3.117700541932319419e-14 5.769046782052905103e-12
-5.373817452343749318e-08 1.325612445251588115e-13 5.986394889160411089e-12
-5.305015922656250294e-08 5.726247487089809418e-14 6.059806067981474245e-12
-5.236214392968749945e-08 1.711831219564990689e-14 5.926531437619920805e-12
-5.167412863281249597e-08 1.465196501374422037e-13 6.064984931005714028e-12
-5.098611333593749249e-08 2.859323409201237573e-14 5.920150738701346548e-12
-5.029809803906250224e-08 -5.856598264767661439e-14 5.683007686405991352e-12
-4.961008274218749876e-08 -6.262744684436215412e-14 5.641895129110445887e-12
-4.892206744531249527e-08 -4.337405804821248749e-14 5.898203003523784729e-12
-4.823405214843749179e-08 -3.437256583502162778e-13 5.343771352333923552e-12
-4.754603685156250154e-08 -2.162554986092878093e-14 5.600468400059126602e-12
-4.685802155468749806e-08 -1.908162996677012657e-14 5.783057207235069924e-12
-4.617000625781249458e-08 -2.423284089551231201e-13 5.533722513740935515e-12
-4.548199096093749110e-08 -4.614972928456370904e-13 5.352350445590976445e-12
-4.479397566406250085e-08 2.032983781519744233e-13 6.077878725149349741e-12
-4.410596036718749737e-08 -1.291079294277738791e-14 5.725757160049701606e-12
-4.341794507031249388e-08 1.070538879250234688e-14 5.820787915777761627e-12
-4.272992977343749040e-08 7.937496798161598990e-16 5.655863210314653376e-12
-4.204191447656250015e-08 2.914468883375563733e-13 6.076323390342335604e-12
-4.135389917968749667e-08 9.853102380387306361e-14 5.874832890237502509e-12
-4.066588388281249319e-08 1.251194312582132924e-13 6.045235146980832996e-12
-3.997786858593749632e-08 -1.270702913078814174e-14 5.814400743023748114e-12
-3.928985328906249946e-08 1.182246755434112373e-13 5.673816435759754682e-12
-3.860183799218749597e-08 -1.464510839652889375e-13 5.485813573094599628e-12
-3.791382269531249249e-08 -8.180988489600505607e-14 5.547495637612948368e-12
-3.722580739843750224e-08 5.487941295421599014e-14 5.760147895522631537e-12
-3.653779210156249876e-08 -1.391457380084809643e-13 5.728876468069354253e-12
-3.584977680468749528e-08 -2.918991137147041180e-13 5.640196690828890072e-12
-3.516176150781249841e-08 -6.467306585292739252e-14 5.790286699776078080e-12
-3.447374621093750155e-08 -4.870732997206096004e-14 5.734866305479786875e-12
-3.378573091406249807e-08 -1.122671844088338283e-13 5.667693361690687759e-12
-3.309771561718749458e-08 -1.812785149949595520e-13 5.481015776811639429e-12
-3.240970032031249772e-08 -3.998580364953874827e-13 5.507295732580872142e-12
-3.172168502343750085e-08 -1.673547215379998464e-13 5.709769095478167603e-12
-3.103366972656249737e-08 2.316412864566318888e-14 5.813171332233750109e-12
-3.034565442968749389e-08 1.379262441562089931e-13 5.990371167435750278e-12
-2.965763913281249702e-08 1.467250830680787262e-13 5.826259868203612047e-12
-2.896962383593749685e-08 -4.270964823031132596e-14 5.756589974224975989e-12
-2.828160853906249667e-08 -7.557694360031135346e-14 5.916196495932946570e-12
-2.759359324218749650e-08 -4.201199939282398046e-14 5.848011397187620894e-12
-2.690557794531249633e-08 -6.905829092274322561e-14 5.893559461234305695e-12
-2.621756264843749615e-08 -1.706764998686755708e-13 5.736565990057349798e-12
-2.552954735156249929e-08 -4.847047139785212654e-13 5.444148132483783012e-12
-2.484153205468749911e-08 -8.139612546409539900e-16 5.737792438684498528e-12
-2.415351675781249894e-08 -3.494702690961063006e-16 5.813166395493670575e-12
-2.346550146093749877e-08 1.355082147842929599e-14 5.797396015726566649e-12
-2.277748616406249859e-08 -1.358579167010219480e-13 5.999719627888800649e-12
-2.208947086718749842e-08 2.381140814012141245e-14 5.847155158002132649e-12
-2.140145557031249824e-08 4.228169029904836800e-14 6.051889287906711911e-12
-2.071344027343749807e-08 -4.210387661637913274e-14 5.873518430536358713e-12
-2.002542497656249790e-08 5.934947410546629887e-14 6.185497464801608241e-12
-1.933740967968749772e-08 2.903354174592454746e-14 5.852216947171214905e-12
-1.864939438281249755e-08 -1.633517670094281847e-13 5.794442848383148796e-12
-1.796137908593749737e-08 2.206884166596904973e-14 6.174242428822794541e-12
-1.727336378906249720e-08 -7.546824184067103059e-14 6.088650192747435108e-12
-1.658534849218749703e-08 -1.266964995781978455e-13 6.172796482983734112e-12
-1.589733319531249685e-08 -1.083750089340963232e-13 6.031741427787284755e-12
-1.520931789843749668e-08 -3.868376230286125537e-14 6.126911063345117668e-12
-1.452130260156249650e-08 -1.363779140830044543e-13 6.012564749017233798e-12
-1.383328730468749964e-08 -1.672942258391199049e-13 5.989995797548288486e-12
-1.314527200781249947e-08 1.499440252600726642e-13 6.158936308343835758e-12
-1.245725671093749929e-08 -2.402250522347383326e-13 6.025682118481395350e-12
-1.176924141406249912e-08 -2.005604735803086901e-13 6.040363343509876934e-12
-1.108122611718749894e-08 2.104168933586139701e-13 6.397942651841260437e-12
-1.039321082031249877e-08 1.318834302499797370e-13 6.389244975302106302e-12
-9.705195523437495287e-09 2.432968909739591526e-13 6.833796462797584889e-12
-9.017180226562498422e-09 2.272674475262144367e-13 6.631794802154768642e-12
-8.329164929687501557e-09 4.695352055548727300e-13 6.815704287685162623e-12
-7.641149632812498074e-09 5.580119408478418428e-13 7.104213531837773921e-12
-6.953134335937494591e-09 8.294589413355029866e-13 7.645841150826688586e-12
-6.265119039062497726e-09 1.335803007633749110e-12 8.077067104337695931e-12
-5.577103742187500861e-09 1.437699974862558174e-12 8.250221939164799399e-12
-4.889088445312497378e-09 1.672228076321724692e-12 8.377431145226855690e-12
-4.201073148437500513e-09 2.348278692430757611e-12 9.276421145486390059e-12
-3.513057851562503648e-09 2.928411430487450807e-12 9.396852220616423353e-12
-2.825042554687500165e-09 3.979170336080504846e-12 1.078034581025593756e-11
-2.137027257812496682e-09 5.448942423064075653e-12 1.224048281501218626e-11
-1.449011960937499817e-09 6.817188987202622285e-12 1.412435396061515382e-11
-7.609966640625029520e-10 7.681258304740939390e-12 1.465062291038597646e-11
-7.298136718749946933e-11 9.154557747614145788e-12 1.739177205532029109e-11
6.150339296875040133e-10 1.436590163697497875e-11 2.174585408419403598e-11
1.303049226562500879e-09 1.762259061109869817e-11 2.630241795481590747e-11
1.991064523437497744e-09 2.164937796730018728e-11 3.105352450223552761e-11
2.679079820312501226e-09 2.621627370145089281e-11 3.779850648136538044e-11
3.367095117187504709e-09 3.160007553081647903e-11 4.458203717470834141e-11
4.055110414062501574e-09 3.693232472355512125e-11 5.128399977726441567e-11
4.743125710937498439e-09 4.399255430079902986e-11 6.051033375797155901e-11
5.431141007812501922e-09 5.114989899952068015e-11 6.952306292187699181e-11
6.119156304687505405e-09 5.849525294592929523e-11 7.825846367269496009e-11
6.807171601562502270e-09 6.770734772622346896e-11 8.846058998685402122e-11
7.495186898437499135e-09 7.600945207187164069e-11 9.793145231625663835e-11
8.183202195312502618e-09 8.608734512687711992e-11 1.089769934677385676e-10
8.871217492187499483e-09 9.597728647131651229e-11 1.202449123342534831e-10
9.559232789062496348e-09 1.040203332536764785e-10 1.278302652514735859e-10
1.024724808593749983e-08 1.113135736814581063e-10 1.349543028919973724e-10
1.093526338281250331e-08 1.174646643291746425e-10 1.392293047633200777e-10
1.162327867968750018e-08 1.251472295408463812e-10 1.461870338644828403e-10
1.231129397656249704e-08 1.279974522156632272e-10 1.479986024527414241e-10
1.299930927343750053e-08 1.294917541352319857e-10 1.484172551330162922e-10
1.368732457031250401e-08 1.275157014566653838e-10 1.448178217298285884e-10
1.437533986718750087e-08 1.329002902896935145e-10 1.470480682703856143e-10
1.506335516406249774e-08 1.361194151172192694e-10 1.506663582288202194e-10
1.575137046093750122e-08 1.385278728320312754e-10 1.513086561445310374e-10
1.643938575781250471e-08 1.361695140065104257e-10 1.459493610906539644e-10
1.712740105468750157e-08 1.352185628671875224e-10 1.434355731320071898e-10
1.781541635156249844e-08 1.405994833140024166e-10 1.490030061341509297e-10
