-7.000202353124999645e-08 -3.481774501736108105e-12 2.962967522213667179e-12
-6.923624259374999530e-08 -1.317083646306816850e-12 2.158967655895462330e-12
-6.847046165624999416e-08 -1.847838142361084960e-13 4.126435316275526617e-12
-6.770468071874999302e-08 -2.216262924715907648e-12 3.379076366853481954e-12
-6.693889978124999188e-08 -4.179043678977247392e-13 4.808004441050343450e-12
-6.617311884375000397e-08 -1.617664930557048844e-15 5.351097708290499250e-12
-6.540733790625000282e-08 1.530317401988636300e-12 7.403731853685297086e-12
-6.464155696875000168e-08 5.112475531250034015e-13 6.164408962883039342e-12
-6.387577603125000054e-08 1.417919992187500531e-12 7.172916164977600513e-12
-6.310999509374999939e-08 3.737126676776961216e-12 8.881937755843780542e-12
-6.234421415624999825e-08 1.830043828124999428e-12 7.864129064370563335e-12
-6.157843321874999711e-08 1.184102795471939186e-12 7.240039209288398838e-12
-6.081265228124999597e-08 1.085562059979840026e-12 6.868753465362148488e-12
-6.004687134374999482e-08 1.127958928742546529e-12 6.948332007808786207e-12
-5.928109040624999368e-08 9.832874421935961467e-13 6.822988438956184116e-12
-5.851530946874999254e-08 8.904519978772990992e-13 6.925707847643307860e-12
-5.774952853124999801e-08 5.485492725821177538e-13 6.478434266962213222e-12
-5.698374759374999687e-08 3.001747001783509840e-13 6.208204483750601024e-12
-5.621796665624999572e-08 3.858081115160356123e-13 6.206116584581433627e-12
-5.545218571875000120e-08 3.825571128022830543e-13 6.298691139190715513e-12
-5.468640478125000006e-08 2.518842857083342494e-13 5.955975044746450926e-12
-5.392062384374999891e-08 3.654232067919899065e-13 6.089723501237429508e-12
-5.315484290624999777e-08 2.367104907295694211e-13 6.116589743944428586e-12
-5.238906196874999663e-08 2.730750611408861229e-13 5.993750151439067344e-12
-5.162328103124999548e-08 1.559666199468502817e-13 6.013596985098739535e-12
-5.085750009374999434e-08 1.686541164635986698e-13 5.934050041934521489e-12
-5.009171915624999320e-08 3.116405868034644557e-13 5.993551578341278291e-12
-4.932593821874999205e-08 9.989943452387780343e-16 5.699055603480572087e-12
-4.856015728124999753e-08 1.668034455221381077e-13 5.911996374089133771e-12
-4.779437634374999639e-08 -6.471180423440219225e-14 5.885167455006014466e-12
-4.702859540625000186e-08 -1.398933626173966088e-13 5.520389367835317074e-12
-4.626281446875000072e-08 2.050704155581158198e-13 5.971885197826991652e-12
-4.549703353124999957e-08 -1.146885893376857660e-13 5.742142485886491954e-12
-4.473125259374999843e-08 -1.332444991727385509e-13 5.709085278348927911e-12
-4.396547165624999729e-08 -2.532520219609740875e-13 5.405364150350406990e-12
-4.319969071874999615e-08 -1.760041306264971583e-13 5.461588847778142891e-12
-4.243390978124999500e-08 3.615080208954154092e-14 5.844692273176025057e-12
-4.166812884374999386e-08 1.864113024981572209e-13 6.032504922013339199e-12
-4.090234790624999272e-08 6.233305346954726209e-14 5.711511912417426997e-12
-4.013656696874999819e-08 2.378819583520690063e-13 6.138569984578653094e-12
-3.937078603124999705e-08 3.407949039859131207e-13 6.158231805909088230e-12
-3.860500509374999590e-08 6.185907259571412255e-14 5.662825190558501186e-12
-3.783922415624999476e-08 -1.092480393897485517e-13 5.587288332093923105e-12
-3.707344321875000024e-08 3.267774291654171133e-14 5.800313255089605361e-12
-3.630766228124999909e-08 -1.984695392580366040e-14 5.802480753826212941e-12
-3.554188134374999795e-08 -2.007832670368967814e-13 5.497964376541681123e-12
-3.477610040624999681e-08 1.697171780801443789e-13 5.977623372870630771e-12
-3.401031946874999566e-08 -2.952807847410923761e-13 5.535064132700364073e-12
-3.324453853124999452e-08 -1.043747510840301429e-13 5.469013001555343155e-12
-3.247875759374999338e-08 5.186947044472670135e-14 5.644305918131310579e-12
-3.171297665624999885e-08 -9.949017964984855594e-14 5.702182128363766168e-12
-3.094719571874999771e-08 -2.362958393274738434e-13 5.468447026731847296e-12
-3.018141478124999657e-08 -3.043509206586500819e-15 5.547702677222327151e-12
-2.941563384374999542e-08 -1.538215647983388138e-13 5.397179481635203364e-12
-2.864985290624999428e-08 -1.887656870471007896e-13 5.388686925647881920e-12
-2.788407196874999644e-08 -6.166309462067666660e-15 5.580927254291233443e-12
-2.711829103124999861e-08 7.644960767783405285e-14 5.792215731347143932e-12
-2.635251009374999747e-08 1.004100580919872783e-13 5.881929870306793782e-12
-2.558672915624999632e-08 4.660750938263631637e-14 5.616925852648200965e-12
-2.482094821874999518e-08 -4.083252975283749400e-13 5.361993956806245355e-12
-2.405516728124999404e-08 -5.636841608167201762e-14 5.788321610541138001e-12
-2.328938634374999620e-08 -7.966709828449488040e-14 5.745349134093900718e-12
-2.252360540624999837e-08 5.252717511100261402e-14 5.583460952816496130e-12
-2.175782446874999723e-08 -1.467535544226691078e-13 5.674141048340865617e-12
-2.099204353124999608e-08 1.175770232742545007e-13 5.895982902522630806e-12
-2.022626259374999494e-08 1.318650804042354507e-13 5.679533634648649675e-12
-1.946048165624999711e-08 2.133267078689765375e-13 5.945825444867081078e-12
-1.869470071874999927e-08 3.038053160885175194e-13 6.116311754887115554e-12
-1.792891978124999813e-08 2.806762861639362480e-13 6.072774734349362843e-12
-1.716313884374999699e-08 7.905593995750609745e-13 6.701628201383735599e-12
-1.639735790624999584e-08 7.836758734663155513e-13 6.638724324045304611e-12
-1.563157696874999470e-08 9.884696286129887149e-13 6.712166755941031491e-12
-1.486579603124999687e-08 1.043761503560606666e-12 6.888527660471956900e-12
-1.410001509374999903e-08 8.263981835401763019e-13 6.633664341371878066e-12
-1.333423415624999789e-08 9.663082447411319552e-13 6.950428372044336019e-12
-1.256845321874999674e-08 1.009836586014093335e-12 6.860388650644969082e-12
-1.180267228124999560e-08 1.550621450210777716e-12 7.702686141481048996e-12
-1.103689134374999777e-08 1.550185290463783073e-12 7.671192198920575556e-12
-1.027111040624999993e-08 1.873712578952815411e-12 7.938140001297351547e-12
-9.505329468749998790e-09 2.094909986473322245e-12 8.187129203464909351e-12
-8.739548531249997647e-09 2.352737473704268913e-12 8.420429454568381989e-12
-7.973767593749996504e-09 2.814616524481653802e-12 9.065905522047107315e-12
-7.207986656249995361e-09 2.858333203086704254e-12 9.026302669486051952e-12
-6.442205718749994218e-09 3.438049812554826332e-12 9.958958557597571710e-12
-5.676424781249993075e-09 3.742219124633569169e-12 1.032000453790429527e-11
-4.910643843749991932e-09 4.387614236512865905e-12 1.116891389810448992e-11
-4.144862906249990788e-09 5.024994238938553116e-12 1.152073896910741761e-11
-3.379081968749996263e-09 5.713656912265216764e-12 1.205404426195375488e-11
-2.613301031250001737e-09 6.860677366619746279e-12 1.363601869919426141e-11
-1.847520093750000594e-09 7.601229523625590584e-12 1.412413378671859794e-11
-1.081739156249999451e-09 8.511762980143038043e-12 1.484685758838362582e-11
-3.159582187499983080e-10 8.740898449978546980e-12 1.587107490606956633e-11
4.498227187500028350e-10 1.306468452872412243e-11 1.969476742968942606e-11
1.215603656250003978e-09 1.515750189594947251e-11 2.209229492748277027e-11
1.981384593750005121e-09 1.754462816863173547e-11 2.529005975356108487e-11
2.747165531250006264e-09 1.993322763461883150e-11 2.818651817108808426e-11
3.512946468750007407e-09 2.265744397454594035e-11 3.188837618499374705e-11
4.278727406250008550e-09 2.585294175065212862e-11 3.619650258267181884e-11
5.044508343750003076e-09 2.975149016821061683e-11 4.144553752532719972e-11
5.810289281249997602e-09 3.402072882380505269e-11 4.686603910063776270e-11
6.576070218749998745e-09 3.853453230938507885e-11 5.296979869726001833e-11
7.341851156249999888e-09 4.374346052002664986e-11 5.952012235475730268e-11
8.107632093750001031e-09 4.894295228912074216e-11 6.625709251103023151e-11
8.873413031250002174e-09 5.493877653286238111e-11 7.367114934852767869e-11
9.639193968750003317e-09 6.128000090902004705e-11 8.156933437652196411e-11
1.040497490625000446e-08 6.717159223150258616e-11 8.842231017340499221e-11
1.117075584375000560e-08 7.400139170993113221e-11 9.714023704443368799e-11
1.193653678125000675e-08 8.138577862089499807e-11 1.053590051909673358e-10
1.270231771875000789e-08 8.848502341635559595e-11 1.136381826013070995e-10
1.346809865625000903e-08 9.609657177458280912e-11 1.222619945020890163e-10
1.423387959375000356e-08 1.041171489073890140e-10 1.309345175790838117e-10
1.499966053124999808e-08 1.110351837500416034e-10 1.378059633452956798e-10
1.576544146874999923e-08 1.170960593545322161e-10 1.450270880224811807e-10
1.653122240625000037e-08 1.207396660630528398e-10 1.469744766584063345e-10
1.729700334375000151e-08 1.256964477252800135e-10 1.507550626351527893e-10
1.806278428125000266e-08 1.274788200463286536e-10 1.533955060614488294e-10
1.882856521875000380e-08 1.292607645213640590e-10 1.556839501201729460e-10
1.959434615625000494e-08 1.288378212560339000e-10 1.523687054337591491e-10
2.036012709375000608e-08 1.307757994980202158e-10 1.524716947793583546e-10
2.112590803125000723e-08 1.381806954642200947e-10 1.572845741124350313e-10
2.189168896875000837e-08 1.361824143437500248e-10 1.563952065256418554e-10
2.265746990625000951e-08 1.378821786814444136e-10 1.556201826326742514e-10
2.342325084375000404e-08 1.431493793021124433e-10 1.593189239232506912e-10
2.418903178124999857e-08 1.438971353589253477e-10 1.586659071431280201e-10
2.495481271874999971e-08 1.474022755098852232e-10 1.622469703610184330e-10
2.572059365625000085e-08 1.530854644264039836e-10 1.635129972238477181e-10
2.648637459375000199e-08 1.594763702880434822e-10 1.699213843385707283e-10
2.725215553125000314e-08 1.586973902228618806e-10 1.687499136893036992e-10
