-5.614472423828124931e-08 -1.041880294577205419e-12 3.503482602481617586e-12
-5.515279871484375407e-08 -2.505001473214281012e-13 5.060100433272907612e-12
-5.416087319140625221e-08 8.012089289253051824e-13 6.193946464780994821e-12
-5.316894766796875034e-08 -1.701668622645545065e-13 5.805958793994507745e-12
-5.217702214453124848e-08 -1.570733243815103887e-13 5.894600887500919726e-12
-5.118509662109374662e-08 7.493008470603818908e-13 6.938971841425537177e-12
-5.019317109765625137e-08 -7.426439038541662587e-13 5.282800926291579312e-12
-4.920124557421874951e-08 9.446042968749987786e-14 5.801698828066026866e-12
-4.820932005078124765e-08 8.256796809529047236e-13 6.702140925407474586e-12
-4.721739452734375240e-08 7.922557770603314968e-14 6.065146072032761796e-12
-4.622546900390625054e-08 5.582484506250018816e-14 5.813348009850163790e-12
-4.523354348046874868e-08 1.773694095694743250e-13 6.295453870249011829e-12
-4.424161795703125343e-08 2.769386639544984197e-14 5.651842094917660022e-12
-4.324969243359375157e-08 1.875450298327662765e-13 6.043238457900737588e-12
-4.225776691015624971e-08 3.483989041586998867e-13 5.875648351657819558e-12
-4.126584138671874785e-08 -3.800875740840459670e-14 5.666090066376983594e-12
-4.027391586328125260e-08 1.984817005354669183e-14 5.886951642653805563e-12
-3.928199033984375074e-08 -6.762173079649616768e-14 5.828427000141773345e-12
-3.829006481640624888e-08 -3.263030921052556600e-14 5.640049876216966770e-12
-3.729813929296875363e-08 5.360215491486922679e-14 6.020891289256503633e-12
-3.630621376953125177e-08 1.383175970636356371e-13 5.887426928158956239e-12
-3.531428824609374991e-08 1.576858325229733310e-13 5.960941169860225331e-12
-3.432236272265624805e-08 5.882751223945571760e-14 5.943908013865655328e-12
-3.333043719921875280e-08 2.751301369054784130e-14 5.788232835894277527e-12
-3.233851167578125094e-08 7.391929892042787393e-14 5.732530781982218276e-12
-3.134658615234374908e-08 8.132043910845487302e-17 5.838495640705015204e-12
-3.035466062890625383e-08 -1.804778183438811858e-13 5.725667544959148399e-12
-2.936273510546875197e-08 -6.527099827195705120e-15 5.823471911975365864e-12
-2.837080958203125011e-08 -4.268870102275364467e-14 5.869644590722418029e-12
-2.737888405859374825e-08 8.103286320522513548e-14 6.096417797649409103e-12
-2.638695853515625300e-08 -1.078907467702512723e-13 5.709055474692844295e-12
-2.539503301171875114e-08 -4.911296323442540665e-13 5.266745581856645722e-12
-2.440310748828124928e-08 -1.255702126445552249e-13 5.882971699163043970e-12
-2.341118196484375072e-08 -7.045454164184232637e-13 5.152432170515852821e-12
-2.241925644140625217e-08 -4.024322426105595297e-13 5.594180102213666541e-12
-2.142733091796875031e-08 -5.872922589367027281e-13 5.307979312858972327e-12
-2.043540539453124845e-08 -6.096956862426923873e-13 5.366421606550463246e-12
-1.944347987109374989e-08 -5.146591477336709932e-13 5.345474599562297532e-12
-1.845155434765625134e-08 -3.335491304569719208e-13 5.573457518159640171e-12
-1.745962882421874948e-08 -3.990598118727186198e-13 5.575839280049930151e-12
-1.646770330078125092e-08 -2.804282339112438333e-13 5.889804428587767806e-12
-1.547577777734375237e-08 -1.160937545354804801e-13 6.087020318747573418e-12
-1.448385225390625051e-08 -1.827117511047977908e-13 5.845844936047615118e-12
-1.349192673046874864e-08 -1.416066988457911824e-13 6.075588150486266794e-12
-1.250000120703125009e-08 5.952771302836842398e-14 6.182731998089826904e-12
-1.150807568359375154e-08 5.877556278179145617e-13 6.684657798854857557e-12
-1.051615016015624967e-08 7.137893783147172615e-13 6.967974087093674365e-12
-9.524224636718751121e-09 1.167188554954473776e-12 7.579109912324058475e-12
-8.532299113281252568e-09 1.664308609565373628e-12 8.045455071562566868e-12
-7.540373589843750705e-09 2.027114164890080029e-12 8.444310182688370449e-12
-6.548448066406248843e-09 2.981794300737710627e-12 9.275460817912530933e-12
-5.556522542968750290e-09 3.774985015253994655e-12 1.024372152426745116e-11
-4.564597019531251736e-09 4.545932920302716224e-12 1.100799117597452590e-11
-3.572671496093749874e-09 5.685998436993601596e-12 1.223635691848603751e-11
-2.580745972656248011e-09 6.721668928452655269e-12 1.325081230941821370e-11
-1.588820449218749458e-09 8.093498117755308569e-12 1.486269470565787888e-11
-5.968949257812509043e-10 9.381507446842325475e-12 1.584060924734701999e-11
3.950305976562509579e-10 1.164246599481049328e-11 1.894619929520165430e-11
1.386956121093749511e-09 1.449573018244283521e-11 2.136622288476449015e-11
2.378881644531248065e-09 1.693640956185315110e-11 2.460178298386308225e-11
3.370807167968746619e-09 2.013480129385882871e-11 2.848521416019503813e-11
4.362732691406245172e-09 2.335033210001065957e-11 3.265433420677682526e-11
5.354658214843747034e-09 2.692335863920333908e-11 3.727927138078492288e-11
6.346583738281248897e-09 3.059687507773649720e-11 4.229030826719595924e-11
7.338509261718750759e-09 3.433723757235597556e-11 4.683911567553904143e-11
8.330434785156252621e-09 3.914757658881934089e-11 5.290462740646929095e-11
9.322360308593754483e-09 4.416512150067414492e-11 5.917505642716978001e-11
1.031428583203124973e-08 5.093055361510996787e-11 6.852169595170292377e-11
1.130621135546874497e-08 5.708972151104439040e-11 7.602207255222683046e-11
1.229813687890624684e-08 6.309733691016255162e-11 8.383238591720617792e-11
1.329006240234374870e-08 6.979303990624386864e-11 9.192067143227102740e-11
1.428198792578125056e-08 7.717328149383479123e-11 1.004543042006019381e-10
1.527391344921875242e-08 8.479183483981972318e-11 1.096915743383691141e-10
1.626583897265625428e-08 9.311131184697473722e-11 1.197989227672319390e-10
1.725776449609374953e-08 1.020490728576812366e-10 1.300965298569254084e-10
1.824969001953124477e-08 1.107620607965113540e-10 1.398429261957513108e-10
1.924161554296874664e-08 1.214076399225809404e-10 1.529605778377598887e-10
2.023354106640624850e-08 1.284420505981062854e-10 1.613244066568298891e-10
2.122546658984375036e-08 1.403197367660906256e-10 1.771953005768962518e-10
2.221739211328125222e-08 1.501329316208743182e-10 1.879074955670826471e-10
2.320931763671875409e-08 1.610414237309156023e-10 2.018065436479158140e-10
2.420124316015624933e-08 1.716167917697301144e-10 2.161416289863028903e-10
2.519316868359374458e-08 1.819042857455188853e-10 2.292045316995631416e-10
2.618509420703124644e-08 1.955018997521498391e-10 2.462323297815290632e-10
2.717701973046874830e-08 2.044658377196916070e-10 2.583908967817070556e-10
2.816894525390625016e-08 2.158847375379374948e-10 2.701366192880613092e-10
2.916087077734375202e-08 2.295339317984261170e-10 2.893963649225218103e-10
3.015279630078125389e-08 2.402976074760338168e-10 3.028357341056988875e-10
3.114472182421874913e-08 2.561820212113135088e-10 3.236279064754363948e-10
3.213664734765624438e-08 2.660046104697876883e-10 3.321765154130543141e-10
3.312857287109374624e-08 2.772975694201669613e-10 3.463860390014053540e-10
3.412049839453124810e-08 2.943076962731066078e-10 3.707978618084680047e-10
3.511242391796874996e-08 3.040920514310767056e-10 3.808312128243207584e-10
3.610434944140625183e-08 3.176514738065773015e-10 3.940813882662116893e-10
3.709627496484375369e-08 3.226663432550907631e-10 3.905789642325249744e-10
3.808820048828124893e-08 3.329612463641265229e-10 4.007841282254847202e-10
3.908012601171874418e-08 3.449606452409271013e-10 4.094986713271415019e-10
4.007205153515624604e-08 3.590811045466375320e-10 4.251575445990621772e-10